0 10
1 11
2 10
3 12
4 12
5 13
6 14
7 13
8 15
9 16
10 19
11 17
12 15
13 22
14 19
15 22
16 19
17 23
18 23
19 24
20 25
21 20
22 27
23 27
24 26
25 31
26 28
27 32
28 29
29 32
30 30
31 34
32 39
33 26
34 28
35 30
36 32
37 32
38 35
39 25
40 26
41 27
42 30
43 27
44 22
45 23
46 28
47 26
48 29
49 28
50 25
51 21
52 19
53 16
54 15
55 11
56 10
57 10
58 9
59 10
60 8
61 8
62 9
63 11
64 12
65 13
66 12
67 15
68 16
69 14
70 17
71 18
72 19
73 18
74 22
75 17
76 21
77 23
78 24
79 24
80 23
81 30
82 22
83 25
84 31
85 26
86 31
87 28
88 35
89 33
90 33
91 32
92 28
93 27
94 36
95 32
96 30
97 33
98 27
99 30
100 34
101 33
102 34
103 35
104 34
105 31
106 32
107 32
108 30
109 29
110 30
111 26
112 25
113 22
114 19
115 20
116 18
117 14
118 15
119 13
