0 0
1 0
2 0
3 8
4 8
5 9
6 9
7 9
8 10
9 13
10 14
11 15
12 15
13 16
14 17
15 19
16 19
17 19
18 20
19 20
20 21
21 23
22 23
23 26
24 25
25 26
26 26
27 26
28 24
29 24
30 21
31 21
32 19
33 19
34 17
35 15
36 15
37 14
38 13
39 10
40 11
41 10
42 8
43 6
44 5
45 6
46 6
47 4
48 2
49 2
50 2
51 1
52 6
53 6
54 6
55 7
56 10
57 10
58 9
59 11
60 11
61 9
62 13
63 13
64 18
65 17
66 16
67 15
68 14
69 20
70 20
71 18
72 24
73 22
74 24
75 23
76 28
77 27
78 24
79 23
80 23
81 21
82 21
83 19
84 18
85 17
86 16
87 15
88 15
89 13
90 13
91 11
92 9
93 9
94 7
95 5
96 5
97 4
98 2
99 1
100 0
101 5
102 5
103 6
