0 0
1 2
2 9
3 12
4 14
5 16
6 20
7 22
8 22
9 22
10 21
11 27
12 26
13 24
14 25
15 23
16 32
17 30
18 30
19 33
20 29
21 32
22 33
23 37
24 38
25 36
26 43
27 44
28 40
29 40
30 36
31 33
32 31
33 30
34 26
35 24
36 24
37 24
38 23
39 22
40 19
41 19
42 19
43 16
44 12
45 12
46 10
47 9
48 9
49 8
50 10
51 10
52 10
53 10
54 10
55 9
56 9
57 8
58 7
59 7
60 6
61 9
62 12
63 24
64 26
65 26
66 26
67 26
68 26
69 25
70 24
71 33
72 33
73 31
74 28
75 33
76 34
77 33
78 33
79 33
80 42
81 43
82 42
83 38
84 35
85 46
86 45
87 44
88 43
89 50
90 51
91 49
92 45
93 44
94 38
95 34
96 33
97 31
98 28
99 26
100 20
101 17
102 17
103 14
104 12
105 11
106 10
107 8
108 8
109 8
110 7
111 7
112 6
113 6
114 6
115 4
116 3
117 3
118 3
119 3
