0 0
1 5
2 5
3 7
4 7
5 9
6 9
7 9
8 12
9 12
10 13
11 14
12 14
13 15
14 16
15 18
16 16
17 18
18 24
19 24
20 21
21 20
22 19
23 19
24 19
25 16
26 14
27 13
28 13
29 11
30 9
31 9
32 7
33 5
34 5
35 4
36 4
37 4
38 5
39 9
40 19
41 19
42 19
43 18
44 18
45 17
46 17
47 17
48 16
49 16
50 15
51 14
52 13
53 12
54 18
55 27
56 27
57 29
58 33
59 33
60 31
61 31
62 30
63 29
64 29
65 26
66 24
67 23
68 22
69 22
70 22
71 22
72 19
73 19
74 17
75 17
76 20
77 17
78 24
79 22
80 22
81 19
82 19
83 17
84 15
85 15
86 13
87 13
88 13
89 12
90 12
91 10
92 9
93 9
94 8
95 6
96 7
97 8
